3887.117000103
10085.4129998684
70.2569999694824
998.34700012207
1127.21599984169
635.897000074387
489.447000026703
354.493000030518
255.773000001907
75.6740000247955
1387.82999992371
1997.4430000782
516.636999845505
3282.56600022316
172.169999837875
4175.66700005531
625.789999961853
90.9800000190735
638.390000104904
886.506999969482
569.835999965668
276.960000038147
1651.68700003624
3202.82699990273
342.075999975204
5439.82999992371
1557.97399997711
255.746000051498
5815.79999995232
7498.4240000248
406.956000089645
1715.0039999485
1396.3630001545
2735.17699980736
4074.53600001335
2192.53700017929
785.032999992371
578.429999828339
5901.40700006485
149.210000038147
787.993000030518
1509.19000005722
1803.65399980545
54.3159999847412
600.664000034332
980.345999956131
651.467000007629
327.736999988556
162.083000183105
1040.58299994469
-13.095999956131
275.802999973297
1108.02699995041
552.693000078201
733.736999988556
398.452999830246
282.770000219345
1459.67999982834
61.353000164032
479.573999881744
158.602999925613
881.950000047684
1094.65700006485
461.055999994278
1063.40700006485
412.339999914169
1218.53699994087
1146.41000008583
42.4700000286102
337.710000038147
956.575999975204
62.5439999103546
572.829999923706
1531.25300002098
15.8730001449585
552.263999938965
470.335999965668
152.087000131607
443.516999959946
1023.71599984169
479.540000200272
290.946999788284
456.237000226974
1080.19999980927
297.526000022888
48.6640000343323
259.44000005722
638.443000078201
117.242999792099
433.957000017166
701.003000020981
1673.39700007439
991.539999961853
313.582999944687
797.184000015259
155.503000020981
1041.88300013542
155.046999931335
1055.69000005722
432.699999809265
157.643000125885
2426.33399987221
196.676000118256
144.503999948502
1910.8259999752
5454.67000007629
3783.29699993134
3436.98699998856
5102.33300018311
7525.79999995232
231.329999923706
285.056999921799
1072.30599999428
585.414000034332
1643.73600006104
1761.74000000954
2437.26399993896
473.496000051498
375.006999969482
1150.58700013161
1480.96599984169
182.134000062943
91.9800000190735
607.382999897003
258.573000192642
572.439999818802
502.65700006485
3057.95300006866
726.80999994278
344.063999891281
488.766000032425
758.560000181198
321.40399980545
1074.31599998474
157.177000045776
295.160000085831
192.582999944687
459.84700012207
1078.44699978828
1189.60600018501
2837.59699988365
699.496999979019
232.526000022888
55.3470001220703
2318.40699982643
161.670000076294
1189.72600007057
113.480000019073
46.6269998550415
1010.10300016403
341.993999958038
29.1659998893738
434.924000024796
344.845999956131
67.654000043869
181.653000116348
1531.05999994278
1933.16000008583
1337.99699997902
140.725999832153
650.527000188828
1286.21699976921
540.043000221252
785.446999788284
0.796000003814697
691.170000076294
137.160000085831
396.523999929428
326.585999965668
178.47000002861
738.59700012207
100.77999997139
135.356999874115
917.549999952316
838.853000164032
487.230000019073
428.419999837875
1095.70000004768
-26.8629999160767
181.31299996376
137.776999950409
219.792999982834
7.3600001335144
533.146999835968
72.0060000419617
134.769999980927
104.327000141144
417.366999864578
103.493000030518
32.460000038147
23.7300000190735
342.642999887466
951.5
67.8670001029968
70.6229999065399
1724.10400009155
164.723000049591
858.362999916077
1043.92700004578
1751.30999994278
181.77999997139
106.860000133514
1673.61999988556
642.620000123978
684.019999980927
18.0729999542236
658.950000047684
1616.38399982452
1807.52300000191
264.273000001907
998.917000055313
6791.8630001545
287.256999969482
8839.33299994469
7338.09699988365
2314.27700018883
1466.51300001144
1174.7429997921
2220.73699998856
1191.0070002079
80.2759997844696
938.150000095367
2211.01699995995
845.603000164032
175.199999809265
116.297000169754
615.243000030518
395.583999872208
1284.62000012398
430.862999916077
192.65299987793
2884.40700006485
749.68700003624
67.9400000572205
911.912999868393
1101.67000007629
753.723000049591
377.697000026703
142.782999992371
290.859999895096
743.667000055313
662.263000011444
218.816999912262
66.7000000476837
1292.40300011635
1525.04999995232
1670.49000000954
259.944000005722
293.542999982834
125.927000045776
391.27599978447
384.074000120163
398.599999904633
1278.89600014687
209.226999998093
286.072999954224
740.836999893188
324.457000017166
792.716000080109
242.97000002861
1502.51399993896
472.716000080109
334.623999834061
298.576000213623
70.2439999580383
702.639999866486
13.2860000133514
818.736999988556
521.107000112534
70.9459998607635
315.134000062943
220.406000137329
418.833999872208
43.2699999809265
725.325999975204
694.976999998093
1344.12700009346
102.84299993515
113.013000011444
137.850000143051
247.026999950409
315.366999864578
535.880000114441
429.006000041962
552.776999950409
508.259999990463
2.03999996185303
824.273000001907
49.8700001239777
498.973999977112
285.75
544.242999792099
769.080000162125
539.496999979019
117.349999904633
2099.77300000191
2032.36000013351
316.786999940872
387.746000051498
228.036999940872
3235.88700008392
2105.16599988937
1238.30400013924
1967.92599987984
23510.013999939
3130.89300012589
518.952999830246
483.594000101089
1515.81599998474
205.3140001297
238.205999851227
1792.5
914.107000112534
188.766999959946
1700.14999985695
2786.59300017357
1092.05999994278
113.102999925613
1580.61000013351
943.373999834061
1522.01300001144
992.620000123978
540.983000040054
1275.11999988556
293.05999994278
73.4000000953674
1581.70399999619
225.52999997139
807.013000011444
379.273000001907
201.016999959946
89.8029999732971
836.934000015259
807.256000041962
69.4240000247955
595.003000020981
125.233000040054
458.634000062943
713.49599981308
234.584000110626
966.25
7.73300004005432
184.426999807358
15.4060001373291
729.016999959946
1
1303.28299999237
447.217000007629
265.47000002861
612.109999895096
1066.21700000763
142.59600019455
64.6839997768402
50.7300000190735
722.136000156403
333.133999824524
36.25
184.223000049591
315.986999988556
24.4660000801086
153.384000062943
399.322999954224
470.927000045776
701.240000009537
76.5499999523163
75.5160000324249
422.133999824524
490.990000009537
722.043000221252
144.612999916077
234.826999902725
1452.1400001049
687.740000009537
53.4769999980927
64.1399998664856
486.269999980927
1037.21600008011
92.4200000762939
672.43700003624
835.642999887466
165.674000024796
620.476000070572
144.159999847412
316.354000091553
67.9029998779297
880.563000202179
220.876999855042
734.40700006485
1481.40299987793
841.737000226974
180.296000003815
313.089999914169
521.124000072479
158.409999847412
1157.61000013351
157.985999822617
799.524000167847
186.909999847412
369.003000020981
614.039999961853
40.1100001335144
295.56299996376
80.0239999294281
526.236000061035
1650.89400005341
382.016000032425
455.093999862671
109.759999990463
577.383000135422
795.856999874115
163.519999980927
190.703000068665
208.076999902725
402.210000038147
298.77999997139
1025.53000020981
12340.9559998512
1682.26999998093
1971.64700007439
3258.01699995995
1178.98000001907
3711.41000008583
1061.09599995613
1053.89700007439
101.699999809265
163.802999973297
315.19000005722
749.53400015831
915.132999897003
538.02999997139
2152.58700013161
441.085999965668
576.363999843597
282.330000162125
952.052999973297
246.076999902725
249.193000078201
286.897000074387
985.672999858856
1134.20000004768
432.447000026703
39.8599998950958
538.433000087738
540.75
1026.32299995422
240.390000104904
422.836999893188
2348.48699998856
833.380000114441
247.305999994278
-6.31599998474121
397.695999860764
16.9470000267029
370.903000116348
407.293999910355
67.2160000801086
763.046999931335
45.8770000934601
301.675999879837
1849.78399991989
676.546000003815
41.6640000343323
851.176000118256
437.174000024796
986.972999811172
600.893000125885
445.033999919891
211.06299996376
119.147000074387
239.335999965668
798.164000034332
456.493000030518
1000.84999990463
65.4630000591278
76.7869999408722
932.52999997139
328.34700012207
703.039999961853
3331.16000008583
807.119999885559
405.136000156403
465.717000007629
49.2999999523163
11.1729998588562
1679.60700011253
1132.14299988747
1053.01999998093
1598.52700018883
885.406999826431
35.103000164032
2521.40699982643
892.230000019073
477.570000171661
1264.78299999237
512.726999998093
875.71599984169
649.897000074387
1581.67000007629
322.922999858856
1475.79999995232
1175.24700021744
2153.77300000191
15.6139998435974
1609.58299994469
3229.43000006676
2908.367000103
371.526000022888
2098.7539999485
82.5230000019073
557.34299993515
4122.19400000572
3123.83299994469
2250.11000013351
207.31299996376
2105.64700007439
729.763000011444
1466.77399992943
1999.93299984932
1529.31700015068
4762.80599999428
3822.79999995232
279.670000076294
290.869999885559
655.330000162125
352.633999824524
4704.3860001564
1331.04999995232
844.899999856949
2359.91400003433
764.526000022888
178.556999921799
2100.56700015068
240.382999897003
236.766999959946
62.6760001182556
1433.23000001907
1110.58999991417
729.640000104904
100.184000015259
1267.21599984169
103.22000002861
646.067000150681
782.97000002861
416.989999771118
380.833000183105
1100.65699982643
1432.50999999046
861.507000207901
413.046000003815
159.503999948502
130.240000009537
226.269999980927
413.782999992371
898.366999864578
1016.00300002098
692.600000143051
602.552999973297
421.476999998093
470.869999885559
716.25
960.120000123978
426.399999856949
154.797000169754
64.7059998512268
708.044000148773
188.87299990654
85.1500000953674
71.646999835968
2053.64600014687
355.909999847412
1933.47699999809
1034.91300010681
475.703999996185
1211.78999996185
76.7060000896454
477.813999891281
346.565999984741
464.44000005722
1370.22399997711
799.555999994278
634.404000043869
697.509999990463
1661.18600010872
1413.80399990082
84.055999994278
529.829999923706
179.97000002861
1568.19400000572
929.769999980927
567.833000183105
5170.81699991226
8511.55999994278
1660.86599993706
1038.117000103
2273.54699993134
141.786000013351
1825.83000016212
334.263999938965
932.639999866486
1936.58000016212
594.419999837875
333.073000192642
5042.69299983978
303.914000034332
1008.02600002289
716.75
464.137000083923
1208.3869998455
386.335999965668
569.34700012207
285.819999933243
2241.3029999733
1108.5600001812
586.083999872208
68.0230000019073
242.332999944687
1492.65400004387
1076.76999998093
254.420000076294
424.619999885559
258.34600019455
208.386999845505
1232.67700004578
3692.25999999046
104.392999887466
557.403000116348
-23.2360000610352
1289.5529999733
732.519999980927
3085.96300005913
574.444000005722
1347.72000002861
1558.01999998093
775.600000143051
1010.63599991798
520.899999856949
3124.80400013924
86.9359998703003
1291.43400001526
704.850000143051
350.359999895096
752.613000154495
246.12299990654
975.950000047684
1840.28399991989
1125.67600011826
278.623999834061
788.003000020981
410.016999959946
1412.61600017548
1568.77399992943
573.420000076294
44.5629999637604
929.382999897003
3686.32700014114
2376.40299987793
1330.41400003433
1389.22600007057
1178.54399991035
330.885999917984
533.69000005722
1294.80400013924
123.879999876022
29.6760001182556
17.3139998912811
455.370000123978
888.955999851227
250.587000131607
1785.61699986458
4998.67600011826
1229.7539999485
3474.13599991798
5066.867000103
788.442999839783
1361.80000019073
2621.6099998951
283.890000104904
2193.44999980927
201.217000007629
272.653000116348
591.670000076294
2104.86999988556
244.756999969482
2046.65000009537
163.717000007629
1164.3029999733
284.832999944687
1311.12000012398
62.5499999523163
407.397000074387
262.036999940872
1300.7460000515
527.323999881744
559.02999997139
783.713000059128
31.9530000686646
212.429999828339
104.120000123978
330.586999893188
480.193000078201
69.4939999580383
461.623000144958
123.822999954224
264.346999883652
16.1900000572205
559.266999959946
128.082999944687
340.769999980927
1743.07000017166
1172.31299996376
1421.20399999619
3496.95600008965
234.196999788284
63.9430000782013
1520.72000002861
147.339999914169
1848.05700016022
336.276999950409
946.976000070572
187.346999883652
756.31299996376
447.120000123978
1168.47699999809
162.179999828339
491.890000104904
31.4200000762939
542.172999858856
673.180000066757
412.119999885559
478.967000007629
364.757000207901
480.262999773026
751.110000133514
1207.46300005913
517.914000034332
258.305999994278
572.106999874115
1276.33999991417
697.913000106812
263.164000034332
504.602999925613
603.207000017166
162.193000078201
822.447000026703
1733.77600002289
390.133999824524
1062.97000002861
830.003000020981
16.7799999713898
1367.27999997139
29.7000000476837
81.7469999790192
595.960000038147
601.150000095367
249.175999879837
64.6570000648499
182.180000066757
1568.76699995995
1690.4960000515
88.186999797821
1651.1400001049
753.346999883652
267.356000185013
269.406999826431
776.782999992371
36.4000000953674
4253.867000103
595.25
4144.25999999046
493.296999931335
3530.45300006866
2425.47000002861
3756.43699979782
2368.68000006676
3371.59599995613
4263.48000001907
363.473999977112
84.853000164032
698.426999807358
1164.66600012779
971.736999988556
432.822999954224
164.493999958038
501.946000099182
1083.61400008202
1361.15999984741
2023.35000014305
758.162999868393
479.457000017166
200.355999946594
462.150000095367
283.039999961853
49.154000043869
503.483000040054
608.396999835968
336.210000038147
1576.43300008774
2068.52999997139
828.147000074387
1443.94999980927
20.8600001335144
660.706000089645
22.2839999198914
75.055999994278
393.980000019073
1296.33999991417
77.1170001029968
232.452999830246
782.420000076294
861.584000110626
160.069999933243
340.206000089645
866.026999950409
61.2869999408722
1678.62599992752
1128.24699997902
3100.05700016022
1677.71000003815
238.265999794006
314.344000101089
227.569999933243
349.166000127792
719.457000017166
969.072999954224
775.843999862671
150.880000114441
754.259999990463
268.339999914169
73.0400002002716
980.539999961853
175.125999927521
34.404000043869
72.8559999465942
105.120000123978
2536.87399983406
256.25
205.773000001907
516.266999959946
104.670000076294
569.230000019073
375.165999889374
341.390000104904
100.170000076294
197.266999959946
143.710000038147
762.356999874115
331.019999980927
40.4860000610352
935.15700006485
284.892999887466
265.574000120163
275.299999952316
1574.91599988937
165.184000015259
626.003000020981
1139.80999994278
271.943000078201
2541.93400001526
828.393000125885
376.052999973297
89.9969999790192
216.656999826431
83.2230000495911
602.273000001907
54.7339999675751
66.0130000114441
1805.367000103
1024.19600009918
343.55999994278
35.9069998264313
679.733000040054
315.243999958038
2027.56600022316
1380.68699979782
3709.05700016022
6330.3029999733
588.509999990463
5420.87699985504
2414.20300006866
470.539999961853
813.480000019073
4413.4470000267
319.05999994278
259.610000133514
415.943000078201
1136.90699982643
1446.52600002289
102.799999952316
203.924000024796
1088.41000008583
965.036000013351
27.2569999694824
977.140000104904
374.339999914169
372.149999856949
283.030000209808
1126.96999979019
281.900000095367
863.753000020981
493.066999912262
300.496999979019
1031.73000001907
1386.13000011444
196.753000020981
1842.54299998283
298.569999933243
191.27999997139
931.25
213.914000034332
679.125999927521
455.140000104904
467.884000062943
477.59299993515
105.322999954224
883.110000133514
1166.10399985313
2153.05999994278
272.820000171661
291.786000013351
204.194000005722
120.25
64.8829998970032
1751.90300011635
520.213999986649
1083.00600004196
227.936999797821
2466.46000003815
745.65700006485
541.575999975204
1729.25999999046
1275.23699998856
61.1530001163483
854.5
399.480000019073
1114.27999997139
342.799999952316
756.753999948502
5
409.456000089645
130.516999959946
1129.61299991608
1089.33400011063
609.230000019073
285.819999933243
276.216000080109
673.296999931335
234.912999868393
896.12700009346
67.6370000839233
641.746000051498
523.943999767303
386.506000041962
102.850000143051
49.4539999961853
343.369999885559
657.916000127792
17.0499999523163
2164.97699999809
88.316999912262
2930.25
102.366000175476
686.143999814987
859.236000061035
141.763999938965
2246.8860001564
130.947000026703
519.099999904633
65.6270000934601
688.355999946594
2386.2539999485
549.06299996376
3460.54699993134
8155.95600008965
1055.00699996948
6001.48000001907
791.569999933243
411.893000125885
302.924000024796
319.082999944687
1305.96700000763
286.993000030518
4129.33699989319
485.493000030518
1978.47300004959
2406.15000009537
814.789999961853
740.313999891281
1420.38000011444
113.569999933243
1836.7460000515
577.839999914169
693.963999986649
470.966000080109
410.013999938965
698.145999908447
406.334000110626
1210.67000007629
140.329999923706
181.789999961853
92.4460000991821
73.7369999885559
381.929999828339
950.590000152588
758.326999902725
322.110000133514
1571.01300001144
842.472999811172
759.660000085831
347.110000133514
409.216999769211
526.933000087738
184.293999910355
24.4000000953674
1290.29999995232
990.903000116348
1012.99300003052
134.263999938965
1097.35599994659
150.647000074387
333.167000055313
1549.53600001335
1871.0569999218
267.882999897003
339.973999977112
764.103000164032
754.217000007629
1540.55599999428
60.6599998474121
295.057000160217
667.072999954224
909.649999856949
66.8700001239777
670.910000085831
293.473999977112
584.52999997139
57.1099998950958
1006.89600014687
1225.41699981689
311.19000005722
258.829999923706
393.587000131607
1332.60299992561
712.756999969482
32.7560000419617
1035.38700008392
2023.77300000191
1173.9240000248
896.266000032425
112.669999837875
188.476999998093
128.22000002861
364.677000045776
148.953000068665
224.859999895096
309.430000066757
666.086999893188
471.75
60.9860000610352
1559.29699993134
2227.6400001049
295.616999864578
1333.61000013351
619.433000087738
670.472999811172
105.52999997139
2383.24000000954
173.150000095367
292.380000114441
683.679999828339
622.700000047684
213.904000043869
4800.36999988556
15353.6960000992
1478.56699991226
1476.31700015068
1669.15599989891
619.476999998093
528.776999950409
1612.58599996567
739.887000083923
501.420000076294
1712.40999984741
300.726999998093
495.263000011444
297.509999990463
250.65700006485
3683.08999991417
277.076000213623
2049.30399990082
376.602999925613
1047.66700005531
199.700000047684
1536.37299990654
614.140000104904
858.207000017166
6.24000000953674
230.37299990654
1085.59299993515
108.340000152588
144.684000015259
146.269999980927
1540.34599995613
1682.12999987602
672.75400018692
410.266000032425
1270.57699990273
963.566999912262
45.7530000209808
107.93700003624
173.759999990463
1089.3900001049
581.679999828339
661.383000135422
1967.22300004959
2722.52999997139
580.359999895096
299.87700009346
1155.44000005722
1153.28999996185
322.359999895096
661.710000038147
3145.79999995232
305.207000017166
142.206000089645
968.363999843597
1240.20600008965
1149.93700003624
565.369999885559
2233.66000008583
238.266999959946
2729.10299992561
534.897000074387
241.769999980927
1422.95600008965
5756.1970000267
1840.28299999237
1243.11699986458
106.820000171661
367.146999835968
13176.5930001736
739.756999969482
1528.33299994469
951.049999952316
695.37700009346
277.055999994278
2698.63400006294
1309.08599996567
-21.0130000114441
2079.9399998188
163.130000114441
251.31299996376
847.023999929428
1118.52000021935
610.479999780655
1936.58000016212
228.455999851227
1193.04400014877
1635.21300005913
200.042999982834
4854.29999995232
618.639999866486
716.640000104904
614.953999996185
484.369999885559
533.116000175476
202.523999929428
2388.13599991798
276.476999998093
25.5270001888275
600.752999782562
127.467000007629
1112.96300005913
1509.49300003052
43.7869999408722
1376.30700016022
722.302999973297
1035.57999992371
775.68700003624
307.599999904633
2090.46000003815
401.80999994278
1987.52600002289
258.039999961853
476.547000169754
1253.70000004768
547.479999780655
1413.3900001049
338.397000074387
1019.32299995422
2710.17700004578
123.756000041962
792.503999948502
555.859999895096
520.426000118256
119.463999986649
299.496000051498
490.889999866486
222.107000112534
571.376999855042
2430.34000015259
147.885999917984
1001.11400008202
166.625999927521
865.316999912262
209.97000002861
15.7530000209808
1785.98000001907
1299.69000005722
38.75
996.039999961853
678.457000017166
282.286999940872
1805.38000011444
1080.92599987984
116.337000131607
1313.76699995995
842.276000022888
1585.62999987602
2191.66400003433
1521.21000003815
888.736000061035
2326.78699994087
7079.87999987602
691
3143.97699999809
5890.33000016212
1076.23299980164
371.063000202179
375.019999980927
3014.29399991035
1821.75
850.315999984741
1263.71000003815
232.947000026703
62.9570000171661
359.59299993515
15.4900000095367
1911.49300003052
22.9769999980927
672.740000009537
74.9470000267029
110.649999856949
294.420000076294
580.22000002861
588.016000032425
1368.80399990082
767.650000095367
735.246000051498
118.243999958038
75.6229999065399
591.68700003624
3867.21600008011
65.039999961853
718.899999856949
177.986999988556
1075.51700019836
523.62299990654
302.519999980927
568.917000055313
333.9359998703
999.804000139236
334.642999887466
1491.68700003624
394.579999923706
200.203000068665
385.400000095367
1324.78299999237
173.203999996185
175.06299996376
233.960000038147
443.016999959946
927.02999997139
1598.73300004005
812.253000020981
740.376999855042
547.15700006485
126.463000059128
1669.32699990273
84.3900001049042
1430.35299992561
255.077000141144
645.493000030518
508.776999950409
77.6899998188019
159.793000221252
202.729999780655
13.9630000591278
49.960000038147
859.107000112534
544.349999904633
457.339999914169
50.8670001029968
1277.37999987602
1238.16600012779
234.920000076294
210.033999919891
533.773000001907
1259.61999988556
312.060000181198
282.65299987793
224.02999997139
144.304000139236
294.513000011444
67.6699998378754
554.19000005722
1756.60700011253
12.6799998283386
447.003000020981
739.143000125885
219.203999996185
570.055999994278
3267.62399983406
1310.50999999046
3.17600011825562
1077.367000103
725.336999893188
491.142999887466
363.703000068665
347.40700006485
1311.88700008392
1588.32999992371
424.109999895096
2510.62000012398
717.700000047684
1888.38599991798
5337.91000008583
5365.91999983788
441.694000005722
693.483000040054
218.849999904633
378.213000059128
558.144000053406
2129.882999897
1951.4470000267
179.075999975204
1103.46399998665
258.570000171661
3412.77300000191
1547.81299996376
253.263999938965
861.903000116348
284.612999916077
383.59700012207
715.119999885559
846.286999940872
257.693000078201
533.839999914169
302.960000038147
2078.27699995041
187.19000005722
33.0299999713898
1291.40300011635
215.97000002861
631.909999847412
329.299999952316
344.890000104904
522.599999904633
1325.37000012398
200.433000087738
1139.28399991989
862.625999927521
675.97000002861
795.776999950409
1268.60300016403
720.223999977112
36.5130000114441
1496.87699985504
209.120000123978
574.30999994278
674.723000049591
277.253000020981
408.973999977112
23.7760000228882
96.5269999504089
710.549999952316
1274.07299995422
439.817000150681
108.929999828339
1382.8100001812
129.232999801636
330.947000026703
1000.68700003624
195.006000041962
720.003999948502
1927.15300011635
379.892999887466
97.0199999809265
87.0570001602173
317.292999982834
710.189999818802
132.726999998093
496.620000123978
446.106999874115
1107.53600001335
141.37700009346
566.102999925613
1106.75699996948
781.527000188828
457.555999994278
297.763999938965
1532.45600008965
371
371.436999797821
67.3170001506805
384.490000009537
1023.28299999237
927.689999818802
664.917000055313
284.802999973297
659.003000020981
2078.41400003433
559.383000135422
1573.00699996948
2236.39299988747
304.340000152588
670.099999904633
358.173000097275
2015.97399997711
667.085999965668
832.973999977112
1640.382999897
1464.78999996185
1594.52300000191
223.997000217438
17.1369998455048
823.493000030518
8508.51699995995
5174.8860001564
7197.21399998665
2255.4929997921
2833.46700000763
281.603000164032
854.75
482.849999904633
832.930000066757
586.069999933243
2649.35299992561
75.6500000953674
2031.78999996185
310.55999994278
1693.40000009537
237.27999997139
382.276999950409
51.8670001029968
548.023000001907
976.890000104904
537.839999914169
624.953000068665
132.490000009537
1606.41699981689
63.103000164032
740.139999866486
345.647000074387
387.162999868393
346.654000043869
458.216000080109
2294.31399989128
692.133000135422
80.6870000362396
1535.42299985886
68.5700001716614
462.412999868393
37.2469999790192
483.983000040054
570.40700006485
1353.45700001717
147.5
540.429999828339
584.153000116348
1276.99300003052
1443.92999982834
352.170000076294
27.1470000743866
-14.9730000495911
282.423000097275
644.40299987793
620.12700009346
1543.33999991417
190.133000135422
307.056999921799
207.606999874115
236.433000087738
392.34700012207
534.632999897003
237.667000055313
51.1529998779297
36.7999999523163
1007.82300019264
322.259999990463
1035.19400000572
602.919999837875
262.693000078201
237.467000007629
186.259999990463
5.48600006103516
798.929999828339
743.580000162125
114.674000024796
776.722999811172
1376.1130001545
36.2269999980927
985.59299993515
1031.36400008202
752.862999916077
1893.48699998856
172.75
3845.6930000782
143.703000068665
824.839999914169
193.023999929428
987.315999984741
1713.3140001297
1026.38599991798
251.793999910355
922.650000095367
8874.09599995613
4143.28699994087
1948.08300018311
3104.92999982834
195.900000095367
121.660000085831
6576.61699986458
2049.44000005722
323.586999893188
1220.4960000515
419.710000038147
855.953999996185
1103.26300001144
58.2200000286102
327.523000001907
280.75
317.563999891281
125.736000061035
873.677000045776
-8.73000001907349
1459.61999988556
357.090000152588
73.3429999351501
2168.73699998856
1367.48000001907
1654.88000011444
283.356999874115
336.406000137329
59.7839999198914
240.579999923706
38.4200000762939
1579.6099998951
69.3830001354218
2384.72300004959
603.826999902725
513.869999885559
766.123000144958
666.286999940872
353.413000106812
1018.31999993324
182.904000043869
403.546000003815
628.259999990463
778.606999874115
30.1500000953674
1361.48300004005
1725.15699982643
428.950000047684
250.016999959946
82.6300001144409
161.539999961853
1131.08999991417
600.150000095367
1134.99000000954
813.30999994278
682.69000005722
1181.81299996376
1938.95000004768
409.983000040054
368.763999938965
122.102999925613
1489.37300014496
568.924000024796
294.993000030518
820.039999961853
1542.95700001717
828.362999916077
76.933000087738
1362.99000000954
684.699999809265
840.320000171661
618.916999816895
795.567000150681
1463.60299992561
142.993000030518
62.5699999332428
300.269999980927
727.670000076294
483.634000062943
466.089999914169
574.802999973297
482.993000030518
1043.35700011253
268.232999801636
315.78400015831
456.555999994278
837.236999988556
617.983000040054
2786.17699980736
773.953000068665
2040.26399993896
152.573000192642
84.5099999904633
333.659999847412
351.893000125885
1043.78999996185
1722.20000004768
58.6139998435974
929.003000020981
4132.28299999237
5427.67000007629
234.194000005722
664.763000011444
3260.00999999046
210.12299990654
466.090000152588
4306.59999990463
700.953999996185
2030.37599992752
1207.54000020027
1315.45399999619
149.766000032425
369.959999799728
732.310000181198
435.273999929428
272.519999980927
274.983000040054
134.192999839783
1127.16000008583
3544.42700004578
644.433000087738
934.467000007629
27.1929998397827
165.054000139236
832.885999917984
558.013999938965
401.615999937057
1106.20000004768
663.140000104904
31.6269998550415
1719
1071.22000002861
257.173000097275
181.427000045776
363.927000045776
615.84299993515
1422.82699990273
278.355999946594
723.980000019073
824.980000019073
398.630000114441
323.513999938965
324.193000078201
1371.91999983788
1094.26999998093
155.570000171661
949.230000019073
858.259999990463
1442.62999987602
642.467000007629
268.413000106812
629.490000009537
55.7799999713898
40.9430000782013
35.2199997901917
1265.50999999046
753.944000005722
311.466000080109
117.710000038147
96.1199998855591
208.767000198364
658.042999982834
191.093999862671
574.31299996376
54.3100001811981
407.732999801636
1663.11400008202
548.920000076294
3176.02999997139
736.145999908447
664.147000074387
406.369999885559
146.15700006485
198.759999990463
293.446000099182
71.3269999027252
1477.04999995232
134.647000074387
228.503000020981
32.6370000839233
232.322999954224
146.026999950409
344.282999992371
194.870000123978
516.096999883652
25.3759999275208
192.800000190735
1252.83699989319
720.390000104904
125.786999940872
353.759999990463
2281.77600002289
70.960000038147
92.1099998950958
855.483999967575
212.953000068665
290.47000002861
706.30999994278
724.693000078201
243.533999919891
1332.55599999428
197.467000007629
951.086999893188
909.150000095367
291.523000001907
811.276999950409
90.8229999542236
1622.02700018883
846.09299993515
8690.84699988365
2443.46300005913
8886.90700006485
6080.97000002861
1046.04299998283
1311.84699988365
548.02999997139
812.146000146866
382.52999997139
192.387000083923
35.3829998970032
775.680000066757
200.013999938965
605.355999946594
1580.09700012207
874.089999914169
3490.57999992371
609.047000169754
828.773000001907
67.6169998645782
495.706000089645
479.930000066757
673.480000019073
429.646999835968
886.503000020981
1652.13700008392
28.4830000400543
1215.76699995995
522.422999858856
41.6740000247955
491.506000041962
14.3800001144409
524.919999837875
1033.43000006676
-14.6229999065399
1409.1369998455
376.582999944687
447.913000106812
153.37700009346
221.013000011444
786.713999986649
1539.93299984932
417.170000076294
2201.48300004005
982.513999938965
1118.31599998474
2979.78699994087
1379.91000008583
24.7300000190735
504.05999994278
1458.83299994469
101.070000171661
99.3439998626709
93.8730001449585
182.019999980927
927.026999950409
1140.03999996185
326.292999982834
298.02999997139
662.240000009537
945.417000055313
932.905999898911
1020.35000014305
3258.83699989319
3397.57000017166
1092.68699979782
3451.73000001907
633.613000154495
3027.64999985695
2468.18000006676
7711.67000007629
1423.11999988556
4928.95300006866
621.543999910355
3508.96600008011
45.0639998912811
4111.8029999733
2389.23300004005
220.039999961853
351.624000072479
865.759999990463
19.1000001430511
1379.19299983978
1314.57700014114
647.659999847412
230.856000185013
610.176999807358
982.110000133514
1800.9470000267
477.483000040054
92.2229998111725
222.364000082016
744.879999876022
1780.83600020409
1563.29999995232
1639.30399990082
383.393000125885
3176.83299994469
23.4939999580383
389.180000066757
1993.39299988747
75.3370001316071
764.822999954224
388.606999874115
504.856000185013
964.427000045776
1420.04699993134
135.52999997139
527.72000002861
220.942999839783
96.4100000858307
916.292999982834
203.93700003624
2593.96700000763
298.315999984741
253.8140001297
3150.03999996185
115.026000022888
272.896999835968
651.509999990463
863.417000055313
2209.81599998474
134.513999938965
662.916000127792
935.076999902725
149.013000011444
137.509999990463
210.644000053406
217.756000041962
34.7639999389648
2334.33999991417
57.4560000896454
207.033999919891
1172.25300002098
347.193000078201
309.87700009346
-22.3830001354218
493.963000059128
657.730000019073
825.822999954224
-5.32599997520447
180.02999997139
3193.42300009727
608.476999998093
433.149999856949
7858.0600001812
3993.11999988556
434.855999946594
2038.18700003624
353.302999973297
1546.41000008583
1376.74699997902
5176.85699987411
3810.67000007629
64.210000038147
8231.99300003052
356.072999954224
2807.66700005531
313.726999998093
1062.81999993324
183.990000009537
550.506000041962
554.634000062943
1082.42999982834
3358.8860001564
3482.4470000267
583.112999916077
394.394000053406
708.379999876022
13.0629999637604
450.72000002861
141.670000076294
236.139999866486
830.293000221252
1731.83399987221
506.176000118256
166.126999855042
1540.18300008774
180.80999994278
207.97000002861
1360.48699998856
1175.56699991226
1829.05000019073
941.40299987793
621.900000095367
550.457000017166
174.80999994278
550.756000041962
138.713999986649
920.532999992371
734.927000045776
527.212999820709
739.967000007629
55.0299999713898
1220.16000008583
153.335999965668
203.717000007629
26.1330001354218
171.169999837875
362.834000110626
1707.70300006866
1573.07999992371
2196.79699993134
3128.82999992371
1180.50600004196
523.350000143051
570.707000017166
158.362999916077
93.5469999313354
188.980000019073
285.026999950409
165.203000068665
16.1200001239777
178.549999952316
353.172999858856
1578.09400010109
667.769999980927
177.753000020981
120.116999864578
561.116000175476
82.944000005722
848.072999954224
1205.47699999809
717.990000009537
2193.15299987793
1958.63000011444
273.509999990463
2017.27999997139
630.986999988556
708.200000047684
897.259999990463
76.1529998779297
699.68700003624
2252.73300004005
240.763000011444
2439.07400012016
9405.93299984932
711.483000040054
4150.37000012398
641.717000007629
3736.77999997139
1884.8599998951
1597.78699994087
3597.02999997139
315.923000097275
417.632999897003
365.007000207901
152.802999973297
575.793999910355
428.246000051498
745.397000074387
748.523000001907
1101.13399982452
483.240000009537
273.223000049591
15.8269999027252
673.133000135422
1821.29699993134
21.1259999275208
799.277000188828
397.47000002861
304.359999895096
133.086999893188
201.683000087738
1562.09999990463
872.240000009537
380.323000192642
196.743999958038
2532.65599989891
974.674000024796
172.862999916077
1896.91300010681
86.1870000362396
1174.43300008774
379.739999771118
229.867000102997
1073.38000011444
936.509999990463
1341.44699978828
671.453000068665
13.3370001316071
75.8829998970032
3134.39700007439
678.319999933243
348.875999927521
3139.08700013161
1834.12699985504
1160.87600016594
58.8469998836517
1972.34000015259
310.819999933243
823.126999855042
148.59600019455
601.079999923706
409.526999950409
506.526999950409
858.325999975204
2109.19000005722
1239.90000009537
2985.27999997139
71.7539999485016
2755.74300003052
4125.99300003052
798.414000034332
1269.25999999046
5539.97000002861
2122.95599985123
1622.30000019073
2239.55399990082
1276.77600002289
5232.7539999485
209.095999956131
4826.50999999046
639.804000139236
313.273000001907
4117.65699982643
151.993000030518
935.913000106812
242.634000062943
173.589999914169
323.266000032425
1578.35699987411
882.807000160217
1266.54600000381
1755.49699997902
132.773000001907
172.22000002861
2534.49399995804
1197.53299999237
245.442999839783
1120.16400003433
346.532999992371
2.5
231.037000179291
740.292999982834
914.740000009537
1182.90699982643
367.542999982834
1719.42000007629
822.933000087738
672.253999948502
411.913000106812
241.379999876022
178.453000068665
758.197000026703
256.246999979019
696.202999830246
384.797000169754
1432.64299988747
660.607000112534
1375.45599985123
902.180000066757
303.664000034332
654.456000089645
302.536999940872
695.566999912262
114.81299996376
1277.75999999046
504.503000020981
187.324000120163
1598.56299996376
182.87299990654
70.4939999580383
216.683000087738
5.50300002098083
761.62700009346
327.826999902725
448.87299990654
169.090000152588
159.197000026703
118.30999994278
154.759999990463
574.665999889374
244.217000007629
536.297000169754
501.12299990654
86.9800000190735
1171.382999897
194.994000196457
2059.97599983215
2547.57700014114
2449.31699991226
70.9500000476837
225.365999937057
490.144000053406
813.223000049591
83.7630000114441
177.909999847412
244.177000045776
1030.07700014114
2537.67599987984
705.75
708.359999895096
3945.49400019646
48.5999999046326
1592.54600000381
2438.15400004387
8350.04999995232
3423.70600008965
6976.86699986458
758.539999961853
1944.43300008774
68.3269999027252
353.817000150681
1405.70000004768
340.875999927521
158.243999958038
1205.56299996376
546.680000066757
61.606999874115
1254.05300021172
168.472999811172
1265.27700018883
2453.8869998455
369.026000022888
43.8270001411438
884.626999855042
380.332999944687
1441.40300011635
411.013999938965
1854.06299996376
1585.0600001812
314.972999811172
59.5500001907349
240.793999910355
1646.02600002289
361.853999853134
532.34600019455
3507.49699997902
2067.01999998093
417.602999925613
315.717000007629
1352.19000005722
101.039999961853
2294.64700007439
61.2530000209808
1290.71700000763
2156.09299993515
476.126999855042
211.910000085831
2563.33299994469
872.65700006485
2851.70600008965
395.133999824524
355.323000192642
562.492999792099
171.667000055313
2503.50999999046
787.052999973297
217.967000007629
1037.50999999046
772.973000049591
75.5099999904633
363.700000047684
320.246999979019
1281.71700000763
1144.27600002289
106.05999994278
237.334000110626
235.019999980927
2195.65299987793
1117.95000004768
2729.99300003052
866.364000082016
255.460000038147
3904.79299998283
184.286999940872
3149.71000003815
573.212999820709
7247.2570002079
3093.38999986649
1924.71600008011
223.853999853134
1151.36600017548
1031.90399980545
2465.26600003242
1875.57400012016
966.865999937057
779.390000104904
734.839999914169
1527.68700003624
2325.99699997902
822.766000032425
3583.6970000267
116.759999990463
156.996999979019
1252.06999993324
114.243000030518
290.380000114441
142.502999782562
302.350000143051
677.667000055313
3346.882999897
439.016999959946
67.5800001621246
1434.25
1249.6369998455
483.256000041962
103.756999969482
1355.74300003052
336.68700003624
880.126999855042
213.310000181198
729.555999994278
418.113999843597
918.686000108719
9.90000009536743
666.643999814987
954.5
810.976000070572
3418.75999999046
64.2139999866486
191.075999975204
1766.71000003815
819.824000120163
414.305999994278
1068.50699996948
908.039999961853
442.269999980927
567.329999923706
4304.91300010681
538.710000038147
861.424000024796
1377.59299993515
591.599999904633
245.256999969482
1528.60300016403
1781.17699980736
1327.10000014305
760.845999956131
577.55999994278
249.480000019073
364.460000038147
278.776999950409
1693.07700014114
224.06299996376
712.480000019073
2044.96000003815
246.182999849319
372.983999967575
425.460000038147
1621.10000014305
1365.43299984932
360.52999997139
226.927000045776
213.723000049591
216.016999959946
48.8329999446869
306.726999998093
4289.6360001564
11258.0039999485
3537.39599990845
2494.73699998856
1972
573.769999980927
106.730000019073
311.390000104904
195.352999925613
919.340000152588
7164.28399991989
414.132999897003
536.887000083923
253.915999889374
1632.94400000572
4071.8630001545
997.023000001907
724.513999938965
160.243000030518
26.8369998931885
224.946000099182
2084.03699994087
450.12700009346
91.095999956131
1844.84400010109
221.773000001907
58.1099998950958
265.02999997139
-11.5099999904633
539.736999988556
57.5360000133514
1486.31999993324
57.4170000553131
371.677000045776
2171.27999997139
50.9030001163483
390.119999885559
4745.31299996376
710.236999988556
114.75
620.90700006485
137.170000076294
1377.89599990845
1990.73000001907
165.160000085831
1289.62399983406
1133.83299994469
2652.16700005531
2147.77999997139
41.8230001926422
910.799999952316
14.0529999732971
493.573999881744
71.9360001087189
939.776999950409
1822.75999999046
1836.08299994469
604.460000038147
963.297000169754
440.349999904633
1513.1099998951
476.603000164032
1234.32399988174
6036.74000000954
3314.1400001049
1329.47000002861
2888.33599996567
848.953999996185
929.319999933243
2186.84299993515
1009.23300004005
1086.74399995804
3207.98600006104
203.447000026703
277.19000005722
584.266999959946
3712.30599999428
1183.14999985695
390.22000002861
332.130000114441
122.374000072479
1000.35299992561
1236.53299999237
1598.73699998856
658.983000040054
1913.39400005341
1851.58999991417
1496.19000005722
868.905999898911
609.973999977112
475.05999994278
1266.11600017548
1928.33999991417
185.447000026703
298.223000049591
2495.59699988365
371.113000154495
1318.36999988556
1305.30399990082
814.533000230789
580.532999992371
1485.27699995041
610.362999916077
172.304000139236
1580.382999897
137.259999990463
797.463000059128
943.306999921799
492.569999933243
206.552999973297
1238.44000005722
167.789999961853
149.557000160217
404.97000002861
861.349999904633
1019.32999992371
784.183000087738
109.414000034332
167.612999916077
1188.55999994278
1069.86000013351
35.9129998683929
1305.29000020027
3924.41999983788
273.677000045776
1078.80999994278
250.039999961853
735.073000192642
316.599999904633
534.914000034332
17.9530000686646
1280.58699989319
200.943000078201
1434.56299996376
766.170000076294
1755.90999984741
2938.70399999619
1660.3860001564
3505.72399997711
4255.97299981117
163.820000171661
2022.76699995995
12465.3959999084
25.2870001792908
3250.11299991608
1968.81399989128
288.163000106812
270.02999997139
1095.867000103
4487.96299982071
2651.4470000267
135.380000114441
2281.42999982834
2347.1400001049
400.885999917984
1141.4240000248
1136.70600008965
173.124000072479
293.802999973297
3584.12699985504
1085.03600001335
805.360000133514
438.256999969482
2450.29299998283
34.404000043869
1788.16599988937
1505.49000000954
388.304000139236
145.319999933243
1979.12599992752
3945.15700006485
178.30999994278
415.403000116348
2242.18400001526
534.165999889374
63.7999999523163
353.256999969482
1085.26999998093
311.509999990463
645.747000217438
1239.28599977493
216.460000038147
257.65700006485
117.903000116348
1097.61699986458
960.827000141144
337.77599978447
587.213999986649
310.116000175476
398.859999895096
222.104000091553
634.955999851227
507.267000198364
124.042999982834
913.643999814987
132.696000099182
340.72000002861
612.934000015259
76.7430000305176
96.7300000190735
606.929999828339
2680.76999998093
2452.30000019073
187.816999912262
456.186000108719
1540.17699980736
2834.51700019836
729.629999876022
718.602999925613
310.263000011444
5312.8100001812
143.349999904633
1903.84400010109
3044.21299982071
2781.16300010681
6306.08699989319
6296.41300010681
747.746999979019
418.447000026703
858.692999839783
287.226999998093
69.9900000095367
3357.12300014496
132.976999998093
2152.73600006104
946.273999929428
340.216000080109
3372.78399991989
246.05999994278
1210.62599992752
818.0640001297
23.9129998683929
1395.49000000954
4.26700019836426
2188.27999997139
324.296000003815
423.276999950409
1429.52300000191
26.0739998817444
541.496000051498
738.647000074387
1910.99000000954
2195.21000003815
1440.25999999046
427.549999952316
994.566999912262
2408.37000012398
1545.83999991417
447.120000123978
193.165999889374
1842.02699995041
58.1700000762939
285.629999876022
1046.60300016403
186.700000047684
110.009999990463
0.639999866485596
778.703999996185
478.923000097275
452.44000005722
781.472999811172
1804.03700017929
17.9229998588562
693.289999961853
1266.39400005341
204.420000076294
28.1299998760223
876.060000181198
981.105999946594
2462.00999999046
548.02999997139
485.697000026703
1745.4470000267
2904.69299983978
464.820000171661
1225.16299986839
1144.95000004768
14.2039999961853
285.382999897003
1789.21700000763
2952.8630001545
4033.21000003815
837.236999988556
291.766000032425
3934.39399981499
1925.81599998474
5831.13700008392
2285.31999993324
372.637000083923
68.8959999084473
4322.10000014305
4496.72000002861
1077.6139998436
5042.91600012779
1547.84399986267
575.840000152588
73.3159999847412
2924.57999992371
1343.59999990463
1979.3140001297
141.753000020981
2770.46300005913
256.43399977684
536.706000089645
427.337000131607
45.3529999256134
608.973999977112
611.549999952316
447.769999980927
4009.35000014305
426.929999828339
1949.70600008965
896.563999891281
912.543000221252
202.716999769211
1368.76300001144
497.793000221252
143.856999874115
9.62000012397766
279.866999864578
274.696000099182
208.189999818802
131.164000034332
2645.00999999046
412.993000030518
847.282999992371
3.84400010108948
57.8829998970032
815.207000017166
1203.64300012589
2181.02999997139
138.429999828339
1874.51300001144
33.960000038147
779.924000024796
220.625999927521
177.870000123978
1427.08399987221
1190.78000020981
32.8259999752045
84.2699999809265
135.303999900818
485.052999973297
1482.40700006485
217.143000125885
575.032999992371
1469.8639998436
1758.79600000381
353.519999980927
377.950000047684
3951.82699990273
625.530000209808
110.676999807358
476.400000095367
263.165999889374
1132.91700005531
334.532999992371
584.924000024796
3190.89600014687
269.406999826431
274.72000002861
1052.99300003052
4055.41700005531
1658.14999985695
156.603000164032
6917.95700001717
2428.09699988365
433.115999937057
270.450000047684
1349.64400005341
952.105999946594
2294.05700016022
1108.89699983597
723.620000123978
1396.74300003052
2218.28299999237
1930.13399982452
10.3630001544952
431.27999997139
102.207000017166
1473.6899998188
351.383000135422
859.292999982834
161.614000082016
3126.75999999046
1535.30599999428
1393.18400001526
359.77999997139
46.3759999275208
1612.59400010109
1190.58599996567
1802.53699994087
480.62700009346
469.042999982834
58.9429998397827
1061.89700007439
1139.07299995422
589.144000053406
261.253000020981
250.65700006485
151.490000009537
1996.69299983978
391.817000150681
507.832999944687
675.87700009346
60.5629999637604
140.546999931335
1212.79299998283
2004.25999999046
2402.63000011444
170.682999849319
615.104000091553
265.276000022888
6.0939998626709
614.31299996376
1024.24700021744
349.65299987793
421.957000017166
1225.07999992371
2257.35600018501
675.849999904633
434.993999958038
1251.81599998474
1559.13000011444
1486.47699999809
1300.64699983597
291.813000202179
1784.31999993324
145.636999845505
625.456000089645
757.710000038147
511.420000076294
1409.47699999809
17.2699999809265
772.692999839783
1114.89400005341
1022.1360001564
2207.35699987411
5656.05999994278
1942.34700012207
8693.87999987602
320.900000095367
644.069999933243
521.552999973297
329.900000095367
3110.02300000191
4540.44400000572
103.15299987793
1048.18700003624
611.443000078201
1094.03299999237
1535.26699995995
1140.1970000267
198.456000089645
502.323999881744
59.6330001354218
478.202999830246
1587.31700015068
503.849999904633
596.112999916077
1363.04700016975
706.156999826431
904.916000127792
310.993999958038
41.5729999542236
204.069999933243
749.887000083923
1126.50600004196
686.670000076294
826.273999929428
447.503000020981
466.802999973297
1263.36999988556
451.84700012207
85.1800000667572
820.606999874115
693.036000013351
753.329999923706
221.857000112534
187.379999876022
561.747000217438
559.105999946594
170.106999874115
527.717000007629
226.575999975204
54.1200001239777
1348.69400000572
1034.48300004005
907.526999950409
1131.39599990845
759.480000019073
509.367000102997
896.243000030518
260.366999864578
1520.94000005722
218.352999925613
299.090000152588
1336.74000000954
1408.50699996948
863.75
1521.02999997139
1541.52999997139
447.693000078201
469.676999807358
1856.23300004005
735.34700012207
1504.19000005722
171.532999992371
513.679999828339
918.677000045776
29.5329999923706
191.890000104904
347.889999866486
766.090000152588
50.6339998245239
905.180000066757
678.759999990463
666.736000061035
1180.41700005531
737.826999902725
28.0199999809265
39.1500000953674
367.399999856949
394.315999984741
1102.6740000248
22.2999999523163
440.460000038147
1143.99300003052
214.643000125885
26.8369998931885
499.177000045776
226.72000002861
206.513000011444
1665.81699991226
909.953000068665
434.94000005722
72.9829998016357
188.50400018692
2423.03600001335
1146.56699991226
100.776999950409
221.380000114441
813.52999997139
121.19000005722
883.375999927521
826.374000072479
2108.04999995232
446.22000002861
92.2199997901917
2182.44000005722
4876.1360001564
5355.01999998093
3062.37699985504
3217.17000007629
1530.67700004578
185.682999849319
155.90700006485
1099.81299996376
548.150000095367
446.649999856949
1163.6130001545
254.427000045776
2145.3069999218
127.200000047684
437.523000001907
643.700000047684
227.349999904633
331.30999994278
443.080000162125
699.719999790192
776.68700003624
554.490000009537
1078.97600007057
1564.56399989128
522.310000181198
153.639999866486
737.890000104904
2839.64299988747
297.710000038147
3077.88700008392
84.1929998397827
44.3730001449585
1221.96000003815
39.8069999217987
103.486999988556
315.433000087738
231.642999887466
306.59700012207
2060.39299988747
2655.53399991989
276.476000070572
258.914000034332
655.175999879837
181.550000190735
312.786999940872
247.25
2816.14299988747
375.769999980927
2307.62700009346
598.523000001907
565.620000123978
2005.05399990082
336.6859998703
245.740000009537
615.460000038147
662.134000062943
279.302999973297
189.693000078201
792.476999998093
1242.18700003624
779.359999895096
829.555999994278
568.3140001297
1819.53999996185
41.9429998397827
1076.04299998283
2201.96700000763
1280.56700015068
477.542999982834
1217.91700005531
80.6959998607635
246.630000114441
925.383999824524
1754.87300014496
1075.48000001907
252.579999923706
3067.73699998856
4450.3860001564
2621.00699996948
2411.22299981117
659.93700003624
2389.25300002098
68.0940001010895
588.182999849319
135.147000074387
811.832999944687
290.223000049591
4419.81699991226
1619.92700004578
235.140000104904
1672.12599992752
325.980000019073
1359.24399995804
1412.73000001907
1417.82299995422
1456.91000008583
384.19000005722
1189.57299995422
1206.78699994087
392.367000102997
4348.36999988556
2919.22600007057
43.7070000171661
75.539999961853
207.59299993515
1573.85000014305
2462.88399982452
576.503000020981
502.337000131607
1269.15299987793
1085.03700017929
1079.76300001144
552.716999769211
2127.92300009727
1488.117000103
706.519999980927
1530.00999999046
1018.61599993706
1169.3069999218
1821.01300001144
700.197000026703
762.930000066757
440.632999897003
458.28400015831
-6.81700015068054
1025.13300013542
923.306999921799
194.87299990654
809.184000015259
202.003000020981
540.513000011444
219.03400015831
852.572999954224
1985.67299985886
39.0099999904633
4186.96399998665
133.410000085831
71.5499999523163
2814.10300016403
217.722999811172
1365.29400014877
839.192999839783
1137.32700014114
963.145999908447
457.110000133514
432.424000024796
1959.03600001335
1622.48699998856
28.6899998188019
365.200000047684
243.370000123978
1740.79999995232
381.756999969482
1177.11599993706
404.740000009537
122.8140001297
2405.28299999237
3030.44999980927
2751.51300001144
4762.57400012016
1085.07299995422
3889.38700008392
1806.67999982834
317.330000162125
548.990000009537
606.382999897003
30.4370000362396
1496.3599998951
490.183000087738
126.546999931335
361.083000183105
521.189999818802
507.683000087738
1803.43000006676
1276.09699988365
529.580000162125
278.919999837875
2077.66300010681
200.596999883652
1887.5
52.9470000267029
1284.53299999237
3696.40700006485
215.572999954224
1800.25699996948
265.730000019073
956.345999956131
467.460000038147
313.130000114441
824.213999986649
136.392999887466
723.840000152588
238.172999858856
211.02999997139
229.694000005722
1213.93000006676
353.77999997139
152.036000013351
106.920000076294
175.793999910355
800.546000003815
37.4539999961853
157.693000078201
771.736999988556
3307.56999993324
423.350000143051
1716.882999897
266.476999998093
557.016000032425
916.826999902725
16.6670000553131
1251.36599993706
537.28400015831
214.202999830246
758.223000049591
1235.12000012398
392.639999866486
946.404000043869
2264.56299996376
33.8800001144409
651.426999807358
93.1730000972748
103.766999959946
1997.39600014687
992.684000015259
320.192999839783
814.910000085831
109
1186.46700000763
874.37299990654
444.953000068665
1107.95700001717
19.1570000648499
182.555999994278
1104.34999990463
49.9739999771118
1640.91600012779
920.429999828339
1410.54999995232
93.2770001888275
423.916999816895
1566.86600017548
32.0769999027252
2484.97300004959
47.9839999675751
1394.19600009918
296.496999979019
310.782999992371
678.766999959946
255.322999954224
2491.63000011444
2045.4470000267
253.25
2125.97299981117
311.077000141144
40.4930000305176
3629.43400001526
1652.5759999752
538.259999990463
3308.10399985313
3842.35600018501
3552.20399999619
4529.14599990845
70.8840000629425
307.922999858856
514.683000087738
914.233999967575
1144.53299999237
56.8870000839233
398.509999990463
779.019999980927
588.389999866486
499.996000051498
355.319999933243
344.5
72.6670000553131
1491.27999997139
296.953000068665
731.803999900818
211.986000061035
399.5
402.269999980927
2546.4240000248
1573.41300010681
86.4769999980927
672.345999956131
2653.12700009346
79.4129998683929
266.079999923706
539.100000143051
597.914000034332
254.952999830246
1341.09300017357
2098.03399991989
1140.65599989891
63.1800000667572
322.27999997139
515.794000148773
422.195999860764
266.19000005722
1359.92000007629
359.717000007629
81.3629999160767
140.27999997139
324.039999961853
417.414000034332
691.416000127792
244.526999950409
645.389999866486
195.547000169754
120.932999849319
995.067000150681
707.845999956131
444.993999958038
100.80999994278
1539.28999996185
56.563000202179
2009.07299995422
371.944000005722
1619.3029999733
531.899999856949
10.4270000457764
828.853000164032
751.319999933243
915.490000009537
874.457000017166
12.4059998989105
121.217000007629
1481.81299996376
153.963999986649
622.140000104904
1401.6930000782
362.792999982834
2842.99000000954
1382.67699980736
546.417000055313
235.115999937057
553.867000102997
636.97000002861
494.957000017166
25.7400000095367
437.099999904633
727.135999917984
722.574000120163
2609.86999988556
219.686000108719
89.6170001029968
4520.18299984932
707.544000148773
649.09299993515
4466.08299994469
16513.25
423.803999900818
644.576000213623
2298.35399985313
218.615999937057
3657.37700009346
456.516999959946
417.996000051498
1209.86400008202
1183.10599994659
293.859999895096
662.120000123978
228.654000043869
84.3659999370575
216.730000019073
1451.23000001907
1998.00999999046
114.80999994278
1480.85400009155
2792.64599990845
444.374000072479
241.132999897003
1354.71000003815
347.319999933243
1557.85300016403
966.573999881744
210.569999933243
1007.60000014305
1300.27999997139
263.170000076294
501.299999952316
329.942999839783
608.247000217438
442.25
284.615999937057
138.256999969482
406.639999866486
446.507000207901
208.27999997139
903.065999984741
146.973999977112
1758.93000006676
1476.51999998093
364.385999917984
2414.91700005531
623.826999902725
558.486000061035
833.823999881744
215.703000068665
312.292999982834
673.55999994278
576.524000167847
1676.67599987984
750.320000171661
260.049999952316
287.476999998093
413.957000017166
272.46599984169
923.400000095367
74.3369998931885
158.670000076294
191.089999914169
1342.12000012398
647.532999992371
1137.30399990082
389.776000022888
96.2239999771118
756.183000087738
544.77999997139
480.276999950409
139.193000078201
944.713000059128
643.089999914169
488.100000143051
874.423999786377
1522.21000003815
2353.52300000191
1719.18300008774
186.210000038147
235.636999845505
1496.70700001717
673.143000125885
1909.31699991226
1275.42600011826
586.049999952316
275.096999883652
12916.9230000973
8006.74699997902
1899.35700011253
2171.84299993515
-29.8900001049042
2849.26300001144
887.630000114441
630.303999900818
285.839999914169
799.400000095367
2531.40600013733
504.52999997139
553.967000007629
344.856999874115
106.736000061035
382.114000082016
448.449999809265
1093.26300001144
91.7870001792908
79.4499998092651
960.436000108719
217.184000015259
1595.12299990654
122.420000076294
686.142999887466
899.667000055313
883.84700012207
1148.10599994659
226.886999845505
830.417000055313
371.72000002861
237.656000137329
318.603999853134
94.8099999427795
29.4730000495911
2399.29299998283
2334.8900001049
76.2799999713898
49.2699999809265
70.0439999103546
236.576000213623
910.143999814987
337.095999956131
1399.68400001526
50.0099999904633
150.286000013351
227.844000101089
467.352999925613
1116.22300004959
108.90700006485
149.099999904633
69.4300000667572
123.826999902725
293.413000106812
2728.64299988747
780.334000110626
84.1399998664856
1053.55300021172
676.449999809265
641.083000183105
186.006999969482
569.52999997139
151.836999893188
1012.43600010872
643.866999864578
115.333000183105
733.579999923706
911.957000017166
535.366999864578
798.113000154495
124.572999954224
224.986999988556
586.289999961853
257.55999994278
3055.65300011635
1291.46700000763
303.473000049591
766.156999826431
220.717000007629
270.565999984741
201.110000133514
157.276999950409
1957.77300000191
1491.38000011444
4938.2539999485
619.743000030518
6044.67299985886
645.90700006485
4886.45300006866
424.856999874115
479.973000049591
3416.54399991035
587.993000030518
3156.93700003624
1404.61000013351
3424.56999993324
546.109999895096
3505.96000003815
354.646000146866
3024.49699997902
244.859999895096
185.569999933243
153.282999992371
33.5040001869202
146.179999828339
291.480000019073
1444.3029999733
47.5429999828339
1645.25400018692
270.892999887466
881.163000106812
2954.25999999046
314.106999874115
381.990000009537
617.197000026703
154.77999997139
474.930000066757
59.5060000419617
924.427000045776
486.782999992371
501.603999853134
1639.81299996376
994.759999990463
145.976999998093
617.860000133514
113.069999933243
1590.78600001335
842.374000072479
12.425999879837
3025.617000103
80.6800000667572
792.552999973297
52.8269999027252
241.542999982834
2083.367000103
331.296999931335
799.47000002861
1757.3599998951
151.052999973297
2274.60000014305
111.776999950409
10.6900000572205
119.289999961853
155.936000108719
124.576999902725
186.346999883652
601.626000165939
322.414000034332
970.162999868393
2533.37700009346
993.392999887466
2203.4470000267
560.233000040054
468.927000045776
27.1129999160767
246.65700006485
121.90299987793
699.223000049591
301.867000102997
843.629999876022
102.700000047684
277.80999994278
238.756999969482
46.8900001049042
602.289999961853
-6.63700008392334
362.59700012207
569.509999990463
593.296000003815
417.914000034332
26.1859998703003
788.880000114441
210.624000072479
79.8999998569489
1261.56299996376
388.133000135422
4031.37999987602
586.453999996185
468.896000146866
8423.49699997902
141
935.609999895096
1372.17000007629
251.129999876022
2150.19000005722
3519.69000005722
1172.33699989319
717.792999982834
493.37700009346
5912.06999993324
1398.14300012589
1319.14999985695
843.357000112534
520.65299987793
1006.66300010681
1291.01999998093
691.536999940872
91.2929999828339
561.75400018692
452.009999990463
654.089999914169
1516.22600007057
1486.92700004578
2158.1899998188
530.523000001907
1049.8900001049
403.129999876022
1620.10700011253
282.223000049591
1261.03699994087
1169.90000009537
2230.86999988556
247.642999887466
131.867000102997
136.147000074387
1678.65599989891
1793.84700012207
1288.07999992371
-7.62000012397766
213.410000085831
-34.1499998569489
3140.50699996948
445.362999916077
1084.18300008774
71.2170000076294
2524.03699994087
793.09299993515
1215.65700006485
254.723000049591
494.669999837875
221.843000173569
781.843999862671
1156.54600000381
265.43700003624
79.2669999599457
459.963000059128
1003.45000004768
495.006999969482
1060.29600000381
2047.93700003624
475.240000009537
4263.8869998455
969.936000108719
1890.28999996185
793.109999895096
670.910000085831
2128.53699994087
514.483000040054
1933.26999998093
2065.54999995232
3757.01400017738
3000.41999983788
3992.84000015259
5771.90599989891
1695.95399999619
4085.07299995422
276.800000190735
676.539999961853
3364.65299987793
2222.40000009537
-20.5199999809265
226.339999914169
277.430000066757
1061.26999998093
1818.53699994087
708.036999940872
999.830000162125
403.006000041962
246.659999847412
3144.29699993134
1268.85300016403
341.096999883652
247.203000068665
879.273999929428
865.650000095367
2508.47600007057
176.656999826431
795.269999980927
331.277000188828
1182.34999990463
1530.61599993706
1061.89700007439
100.276999950409
90.5360000133514
141.354000091553
2075.27600002289
358.036999940872
81.3229999542236
1337.85400009155
224.572999954224
42.8229999542236
335.434000015259
517.142999887466
195.253000020981
1348.19400000572
84.9000000953674
515.390000104904
281.77599978447
2873.06700015068
142.983000040054
45.5439999103546
62.3329999446869
347.476999998093
85.4900000095367
290.680000066757
1411.54999995232
2051.97000002861
7.69000005722046
631.362999916077
234.052999973297
125.930000066757
312.476999998093
69.6500000953674
32.1829998493195
60.3540000915527
498.595999956131
469.670000076294
104.793999910355
914.536000013351
525.637000083923
43.7099997997284
307
1248.17700004578
1996.50300002098
91.0199999809265
415.380000114441
2108.91999983788
385.44000005722
503.986999988556
1532.54299998283
1948.1930000782
2244.14700007439
6504.71700000763
8333.5759999752
209.674000024796
2034.94599986076
503.177000045776
2680.97300004959
95.9739999771118
1505.20300006866
565.52999997139
954.72000002861
1830.53299999237
744.93700003624
860.386999845505
362.226000070572
711.457000017166
140.68700003624
1017.87599992752
431.839999914169
574.496999979019
1527.95000004768
730.769999980927
1643.42300009727
386.796999931335
364.203000068665
1659.38700008392
669.589999914169
124.642999887466
139.87700009346
1191.71700000763
37.5859999656677
1642.01399993896
846
270.063000202179
662.282999992371
268.519999980927
836.949999809265
1895.6740000248
596.863000154495
203.523000001907
490.973999977112
1524.36299991608
535.94000005722
1008.72300004959
199.416999816895
884.787000179291
51.8759999275208
2273.82999992371
1136.54400014877
29.202999830246
365.110000133514
417.876999855042
1361.25
327.5
181.823000192642
330.009999990463
104.506999969482
844.763000011444
158.846999883652
415.880000114441
543.460000038147
75.3129999637604
91.6329998970032
583.62700009346
727.289999961853
1310.84699988365
2461.28000020981
219.882999897003
757.609999895096
79.8700001239777
1050.04999995232
1573.48699998856
2893.73600006104
955.019999980927
721.944000005722
216.15299987793
1141.72699999809
662.006000041962
560.0640001297
872.409999847412
11.8600001335144
969.355999946594
110.700000047684
234.667000055313
485.599999904633
456.900000095367
1138.1099998951
991.996999979019
210.130000114441
1330.10299992561
613.253000020981
48.0269999504089
1353.30999994278
1303.68700003624
98.1300001144409
1178.74000000954
847.269999980927
1243.30999994278
1242.96600008011
131.133999824524
8878.51300001144
2380.09000015259
2402.99300003052
1620.94400000572
12.2099997997284
4644.90000009537
1704.36299991608
361.226999998093
1511.54600000381
460.746999979019
1481.46700000763
1462.75300002098
118.417000055313
1474.54600000381
675.046999931335
1976.40000009537
2999.33299994469
857.47000002861
54.9969999790192
1262.75699996948
749.430000066757
3114.48600006104
51.1599998474121
2142.26400017738
76.6559998989105
656.824000120163
560.682999849319
491.387000083923
687.490000009537
756.422999858856
397.927000045776
1276.29600000381
196.804000139236
191.825999975204
74.2669999599457
4.47000002861023
855.846999883652
94.3830001354218
79.6129999160767
264.553999900818
177.653000116348
937.079999923706
353.133000135422
215.164000034332
753.879999876022
130.710000038147
271.723000049591
13.2699999809265
81.3869998455048
1033.66000008583
152.723000049591
1092.28699994087
198.480000019073
419.933000087738
96.2170000076294
642.513000011444
236.699999809265
3408.27300000191
1240.38000011444
253.900000095367
1677.53699994087
468.799999952316
1320.47000002861
744.542999982834
2284.75999999046
273.740000009537
381.866999864578
27.0270001888275
819.909999847412
1187.57300019264
253.196999788284
720.610000133514
1065.79299998283
550.236999988556
402.980000019073
73.5799999237061
269.355999946594
2713.76700019836
518.699999809265
164.792999982834
933.09700012207
115.119999885559
159.593000173569
105.566999912262
1337.12299990654
236.634000062943
760.542999982834
318.223000049591
538.77999997139
1413.68400001526
1118.66600012779
1112.28399991989
2307.20600008965
475.709999799728
685.03400015831
462.329999923706
1601.86299991608
2201.04299998283
13183.2039999962
291.780000209808
1055.37999987602
943.403000116348
568.306999921799
451.875999927521
2198.80700016022
744.957000017166
2056.17299985886
540.18700003624
63.2630000114441
1909.66299986839
636.234000205994
528.87299990654
3377.41700005531
467.082999944687
130.069999933243
422.552999973297
43.324000120163
226.135999917984
261.753999948502
333.136000156403
725.849999904633
6.58400011062622
55.5130000114441
2636.65999984741
942.443000078201
189.417000055313
691.006999969482
59.6859998703003
1185.57700014114
239.776999950409
1569.29299998283
343.496999979019
939.789999961853
232.450000047684
432.065999984741
350.044000148773
240.709999799728
373.496000051498
1223.71700000763
101.900000095367
931.566999912262
85.0829999446869
112.570000171661
459.039999961853
16.5
351.253000020981
86.2639999389648
260.976000070572
519.589999914169
2225.67700004578
26.6470000743866
794.399999856949
749.620000123978
1306.94999980927
661.666000127792
59.7869999408722
1362.75300002098
90.2739999294281
349.050000190735
537.172999858856
282.34299993515
188.007000207901
394.349999904633
96.9869999885559
2027.95000004768
1471.46300005913
265.926999807358
10.8760001659393
662.926999807358
1325.17700004578
325.805999994278
359.874000072479
2067.3599998951
928.006000041962
90.7070000171661
753.549999952316
588.267000198364
207.490000009537
805.262999773026
835
1843.117000103
1056.64300012589
147.25
271.396999835968
74.6159999370575
566.080000162125
771.536999940872
990.849999904633
529.623000144958
-22.4230000972748
86.3029999732971
914.047000169754
414.009999990463
76.75
1152.14299988747
315.447000026703
328.370000123978
58.6929998397827
643.55999994278
1083.41700005531
3251.73300004005
1955.09700012207
709.792999982834
3901.03399991989
325.526000022888
5542.99000000954
3188.74399995804
1056.81299996376
3623.02300000191
248.003999948502
316.396000146866
45.1039998531342
1037.15600013733
260.914000034332
181.013000011444
438.049999952316
438.636999845505
1613.40000009537
1298.64599990845
1111.97399997711
1509.08000016212
1592.53299999237
487.899999856949
2283.47300004959
720.286999940872
194.980000019073
1740.22000002861
1370.07700014114
709.332999944687
24.9800000190735
1042.24300003052
1394.89399981499
448.666000127792
589.099999904633
1108.28700017929
64.7269999980927
291.582999944687
137.230000019073
1643.39699983597
1460.54000020027
1193.49000000954
64.9729998111725
337.730000019073
468.807000160217
507.382999897003
231.97000002861
97.4570000171661
663.382999897003
33.1970000267029
251.123000144958
230.922999858856
2175.30999994278
89.6840000152588
329.370000123978
-4.03699994087219
628.909999847412
66.8700001239777
205.142999887466
617.450000047684
183.55999994278
124.453999996185
174.180000066757
1547.25300002098
249.596999883652
485.426000118256
1617.87999987602
280.547000169754
322.689999818802
299.947000026703
24.3430001735687
99.289999961853
2000.54699993134
